[1,["c89m0XNRpI2qEsAhLShXXE","50O0kymwJCGZfDP47M7n6v@12c0d","50O0kymwJCGZfDP47M7n6v@941ed","50O0kymwJCGZfDP47M7n6v@da566","50O0kymwJCGZfDP47M7n6v@30732","50O0kymwJCGZfDP47M7n6v@df95c","50O0kymwJCGZfDP47M7n6v@080de","50O0kymwJCGZfDP47M7n6v@f1394","50O0kymwJCGZfDP47M7n6v@bb2f1","50O0kymwJCGZfDP47M7n6v@ba5bd","50O0kymwJCGZfDP47M7n6v@75ee4","50O0kymwJCGZfDP47M7n6v@27d8d","50O0kymwJCGZfDP47M7n6v@24a99","50O0kymwJCGZfDP47M7n6v@a72ab"],["_parent","node","_mesh","_skeleton","_effectAsset","root","data","_defaultClip"],[["cc.Node",["_name","_prefab","_lpos","_children","_parent","_components","_lrot","_euler"],2,4,5,12,1,9,5,5],["cc.Node",["_name","_children","_prefab","_lpos","_parent","_lrot","_euler"],2,2,4,5,1,5,5],["cc.Node",["_name","_children","_prefab","_lpos","_parent","_lrot","_euler"],2,9,4,5,1,5,5],["cc.Mesh",["_native","_hash","_struct"],1,11],["cc.Material",["_name","_props","_states","_defines"],-1],["cc.Skeleton",["_name","_hash","_joints","_bindposes"],0,12],["cc.Prefab",[],3],["cc.PrefabInfo",["fileId","instance","targetOverrides","nestedPrefabInstanceRoots","root","asset"],-1,1,1],["cc.SkeletalAnimation",["node","__prefab","_clips","_defaultClip"],3,1,4,3,6],["cc.CompPrefabInfo",["fileId"],2],["cc.SkinnedMeshRenderer",["node","__prefab","_materials","bakeSettings","_skinningRoot","_mesh","_skeleton"],3,1,4,3,4,1,6,6],["cc.ModelBakeSettings",[],3]],[[7,0,1,2,3,4,5,5],[1,0,4,1,2,3,5,6,2],[0,0,4,1,2,2],[2,0,4,1,2,3,5,6,2],[0,0,4,1,2,6,7,2],[9,0,2],[3,0,1,2,3],[5,0,1,2,3,4],[0,0,3,1,2,6,7,2],[0,0,4,5,1,2],[10,0,1,2,3,4,5,6,1],[11,1],[4,0,1,2,3,5],[0,0,3,1,2,2],[1,0,1,2,3,2],[1,0,4,1,2,3,2],[6,1],[0,0,3,5,1,2],[2,0,1,2,3,2],[8,0,1,2,3,1]],[[[[6,".bin",1492977100,[{"primitives":[{"primitiveMode":7,"jointMapIndex":0,"vertexBundelIndices":[0],"indexView":{"offset":4312,"length":408,"count":204,"stride":2}}],"vertexBundles":[{"view":{"offset":0,"length":4312,"count":49,"stride":88},"attributes":[{"name":"a_position","format":32,"isNormalized":false},{"name":"a_normal","format":32,"isNormalized":false},{"name":"a_texCoord","format":21,"isNormalized":false},{"name":"a_tangent","format":44,"isNormalized":false},{"name":"a_joints","format":42,"isNormalized":false},{"name":"a_weights","format":44,"isNormalized":false},{"name":"a_texCoord1","format":21,"isNormalized":false},{"name":"a_texCoord2","format":21,"isNormalized":false}]}],"jointMaps":[[0,2]]},"minPosition",8,[1,-0.1212298572063446,1.4041557312011719,0.156256765127182],"maxPosition",8,[1,0.12122974544763565,1.529312014579773,0.24009539186954498]]],-1],0,0,[],[],[]],[[[6,".bin",3323432961,[{"primitives":[{"primitiveMode":7,"jointMapIndex":0,"vertexBundelIndices":[0],"indexView":{"offset":6336,"length":612,"count":306,"stride":2}}],"vertexBundles":[{"view":{"offset":0,"length":6336,"count":72,"stride":88},"attributes":[{"name":"a_position","format":32,"isNormalized":false},{"name":"a_normal","format":32,"isNormalized":false},{"name":"a_texCoord","format":21,"isNormalized":false},{"name":"a_tangent","format":44,"isNormalized":false},{"name":"a_joints","format":42,"isNormalized":false},{"name":"a_weights","format":44,"isNormalized":false},{"name":"a_texCoord1","format":21,"isNormalized":false},{"name":"a_texCoord2","format":21,"isNormalized":false}]}],"jointMaps":[[0,1]]},"minPosition",8,[1,-0.15205952525138855,1.5888607501983643,0.11368990689516068],"maxPosition",8,[1,0.15205983817577362,1.7287214994430542,0.23874236643314362]]],-1],0,0,[],[],[]],[[[12,"Boy01_Brows_MAT2",[{"occlusion":0}],[{"rasterizerState":{},"blendState":{"targets":[{}]},"depthStencilState":{}}],[{"HAS_SECOND_UV":true}]]],0,0,[0],[4],[0]],[[[7,"Skin-0",2810183351,["mixamorig:Hips","mixamorig:Hips/mixamorig:Spine","mixamorig:Hips/mixamorig:Spine/mixamorig:Spine1","mixamorig:Hips/mixamorig:Spine/mixamorig:Spine1/mixamorig:Spine2","mixamorig:Hips/mixamorig:Spine/mixamorig:Spine1/mixamorig:Spine2/mixamorig:Neck","mixamorig:Hips/mixamorig:Spine/mixamorig:Spine1/mixamorig:Spine2/mixamorig:Neck/mixamorig:Head","mixamorig:Hips/mixamorig:Spine/mixamorig:Spine1/mixamorig:Spine2/mixamorig:Neck/mixamorig:Head/mixamorig:HeadTop_End","mixamorig:Hips/mixamorig:Spine/mixamorig:Spine1/mixamorig:Spine2/mixamorig:Neck/mixamorig:Head/mixamorig:HairB","mixamorig:Hips/mixamorig:Spine/mixamorig:Spine1/mixamorig:Spine2/mixamorig:Neck/mixamorig:Head/mixamorig:HairA","mixamorig:Hips/mixamorig:Spine/mixamorig:Spine1/mixamorig:Spine2/mixamorig:Neck/mixamorig:Head/mixamorig:Hat","mixamorig:Hips/mixamorig:Spine/mixamorig:Spine1/mixamorig:Spine2/mixamorig:LeftShoulder","mixamorig:Hips/mixamorig:Spine/mixamorig:Spine1/mixamorig:Spine2/mixamorig:LeftShoulder/mixamorig:LeftArm","mixamorig:Hips/mixamorig:Spine/mixamorig:Spine1/mixamorig:Spine2/mixamorig:LeftShoulder/mixamorig:LeftArm/mixamorig:LeftForeArm","mixamorig:Hips/mixamorig:Spine/mixamorig:Spine1/mixamorig:Spine2/mixamorig:LeftShoulder/mixamorig:LeftArm/mixamorig:LeftForeArm/mixamorig:LeftHand","mixamorig:Hips/mixamorig:Spine/mixamorig:Spine1/mixamorig:Spine2/mixamorig:LeftShoulder/mixamorig:LeftArm/mixamorig:LeftForeArm/mixamorig:LeftHand/mixamorig:LeftHandThumb1","mixamorig:Hips/mixamorig:Spine/mixamorig:Spine1/mixamorig:Spine2/mixamorig:LeftShoulder/mixamorig:LeftArm/mixamorig:LeftForeArm/mixamorig:LeftHand/mixamorig:LeftHandThumb1/mixamorig:LeftHandThumb2","mixamorig:Hips/mixamorig:Spine/mixamorig:Spine1/mixamorig:Spine2/mixamorig:LeftShoulder/mixamorig:LeftArm/mixamorig:LeftForeArm/mixamorig:LeftHand/mixamorig:LeftHandThumb1/mixamorig:LeftHandThumb2/mixamorig:LeftHandThumb3","mixamorig:Hips/mixamorig:Spine/mixamorig:Spine1/mixamorig:Spine2/mixamorig:LeftShoulder/mixamorig:LeftArm/mixamorig:LeftForeArm/mixamorig:LeftHand/mixamorig:LeftHandThumb1/mixamorig:LeftHandThumb2/mixamorig:LeftHandThumb3/mixamorig:LeftHandThumb4","mixamorig:Hips/mixamorig:Spine/mixamorig:Spine1/mixamorig:Spine2/mixamorig:LeftShoulder/mixamorig:LeftArm/mixamorig:LeftForeArm/mixamorig:LeftHand/mixamorig:LeftHandIndex1","mixamorig:Hips/mixamorig:Spine/mixamorig:Spine1/mixamorig:Spine2/mixamorig:LeftShoulder/mixamorig:LeftArm/mixamorig:LeftForeArm/mixamorig:LeftHand/mixamorig:LeftHandIndex1/mixamorig:LeftHandIndex2","mixamorig:Hips/mixamorig:Spine/mixamorig:Spine1/mixamorig:Spine2/mixamorig:LeftShoulder/mixamorig:LeftArm/mixamorig:LeftForeArm/mixamorig:LeftHand/mixamorig:LeftHandIndex1/mixamorig:LeftHandIndex2/mixamorig:LeftHandIndex3","mixamorig:Hips/mixamorig:Spine/mixamorig:Spine1/mixamorig:Spine2/mixamorig:LeftShoulder/mixamorig:LeftArm/mixamorig:LeftForeArm/mixamorig:LeftHand/mixamorig:LeftHandIndex1/mixamorig:LeftHandIndex2/mixamorig:LeftHandIndex3/mixamorig:LeftHandIndex4","mixamorig:Hips/mixamorig:Spine/mixamorig:Spine1/mixamorig:Spine2/mixamorig:LeftShoulder/mixamorig:LeftArm/mixamorig:LeftForeArm/mixamorig:LeftHand/mixamorig:LeftHandMiddle1","mixamorig:Hips/mixamorig:Spine/mixamorig:Spine1/mixamorig:Spine2/mixamorig:LeftShoulder/mixamorig:LeftArm/mixamorig:LeftForeArm/mixamorig:LeftHand/mixamorig:LeftHandMiddle1/mixamorig:LeftHandMiddle2","mixamorig:Hips/mixamorig:Spine/mixamorig:Spine1/mixamorig:Spine2/mixamorig:LeftShoulder/mixamorig:LeftArm/mixamorig:LeftForeArm/mixamorig:LeftHand/mixamorig:LeftHandMiddle1/mixamorig:LeftHandMiddle2/mixamorig:LeftHandMiddle3","mixamorig:Hips/mixamorig:Spine/mixamorig:Spine1/mixamorig:Spine2/mixamorig:LeftShoulder/mixamorig:LeftArm/mixamorig:LeftForeArm/mixamorig:LeftHand/mixamorig:LeftHandMiddle1/mixamorig:LeftHandMiddle2/mixamorig:LeftHandMiddle3/mixamorig:LeftHandMiddle4","mixamorig:Hips/mixamorig:Spine/mixamorig:Spine1/mixamorig:Spine2/mixamorig:LeftShoulder/mixamorig:LeftArm/mixamorig:LeftForeArm/mixamorig:LeftHand/mixamorig:LeftHandRing1","mixamorig:Hips/mixamorig:Spine/mixamorig:Spine1/mixamorig:Spine2/mixamorig:LeftShoulder/mixamorig:LeftArm/mixamorig:LeftForeArm/mixamorig:LeftHand/mixamorig:LeftHandRing1/mixamorig:LeftHandRing2","mixamorig:Hips/mixamorig:Spine/mixamorig:Spine1/mixamorig:Spine2/mixamorig:LeftShoulder/mixamorig:LeftArm/mixamorig:LeftForeArm/mixamorig:LeftHand/mixamorig:LeftHandRing1/mixamorig:LeftHandRing2/mixamorig:LeftHandRing3","mixamorig:Hips/mixamorig:Spine/mixamorig:Spine1/mixamorig:Spine2/mixamorig:LeftShoulder/mixamorig:LeftArm/mixamorig:LeftForeArm/mixamorig:LeftHand/mixamorig:LeftHandRing1/mixamorig:LeftHandRing2/mixamorig:LeftHandRing3/mixamorig:LeftHandRing4","mixamorig:Hips/mixamorig:Spine/mixamorig:Spine1/mixamorig:Spine2/mixamorig:LeftShoulder/mixamorig:LeftArm/mixamorig:LeftForeArm/mixamorig:LeftHand/mixamorig:LeftHandPinky1","mixamorig:Hips/mixamorig:Spine/mixamorig:Spine1/mixamorig:Spine2/mixamorig:LeftShoulder/mixamorig:LeftArm/mixamorig:LeftForeArm/mixamorig:LeftHand/mixamorig:LeftHandPinky1/mixamorig:LeftHandPinky2","mixamorig:Hips/mixamorig:Spine/mixamorig:Spine1/mixamorig:Spine2/mixamorig:LeftShoulder/mixamorig:LeftArm/mixamorig:LeftForeArm/mixamorig:LeftHand/mixamorig:LeftHandPinky1/mixamorig:LeftHandPinky2/mixamorig:LeftHandPinky3","mixamorig:Hips/mixamorig:Spine/mixamorig:Spine1/mixamorig:Spine2/mixamorig:LeftShoulder/mixamorig:LeftArm/mixamorig:LeftForeArm/mixamorig:LeftHand/mixamorig:LeftHandPinky1/mixamorig:LeftHandPinky2/mixamorig:LeftHandPinky3/mixamorig:LeftHandPinky4","mixamorig:Hips/mixamorig:Spine/mixamorig:Spine1/mixamorig:Spine2/mixamorig:LeftShoulder/mixamorig:LeftArm/mixamorig:LeftForeArm/mixamorig:LSleeve","mixamorig:Hips/mixamorig:Spine/mixamorig:Spine1/mixamorig:Spine2/mixamorig:RightShoulder","mixamorig:Hips/mixamorig:Spine/mixamorig:Spine1/mixamorig:Spine2/mixamorig:RightShoulder/mixamorig:RightArm","mixamorig:Hips/mixamorig:Spine/mixamorig:Spine1/mixamorig:Spine2/mixamorig:RightShoulder/mixamorig:RightArm/mixamorig:RightForeArm","mixamorig:Hips/mixamorig:Spine/mixamorig:Spine1/mixamorig:Spine2/mixamorig:RightShoulder/mixamorig:RightArm/mixamorig:RightForeArm/mixamorig:RightHand","mixamorig:Hips/mixamorig:Spine/mixamorig:Spine1/mixamorig:Spine2/mixamorig:RightShoulder/mixamorig:RightArm/mixamorig:RightForeArm/mixamorig:RightHand/mixamorig:RightHandThumb1","mixamorig:Hips/mixamorig:Spine/mixamorig:Spine1/mixamorig:Spine2/mixamorig:RightShoulder/mixamorig:RightArm/mixamorig:RightForeArm/mixamorig:RightHand/mixamorig:RightHandThumb1/mixamorig:RightHandThumb2","mixamorig:Hips/mixamorig:Spine/mixamorig:Spine1/mixamorig:Spine2/mixamorig:RightShoulder/mixamorig:RightArm/mixamorig:RightForeArm/mixamorig:RightHand/mixamorig:RightHandThumb1/mixamorig:RightHandThumb2/mixamorig:RightHandThumb3","mixamorig:Hips/mixamorig:Spine/mixamorig:Spine1/mixamorig:Spine2/mixamorig:RightShoulder/mixamorig:RightArm/mixamorig:RightForeArm/mixamorig:RightHand/mixamorig:RightHandThumb1/mixamorig:RightHandThumb2/mixamorig:RightHandThumb3/mixamorig:RightHandThumb4","mixamorig:Hips/mixamorig:Spine/mixamorig:Spine1/mixamorig:Spine2/mixamorig:RightShoulder/mixamorig:RightArm/mixamorig:RightForeArm/mixamorig:RightHand/mixamorig:RightHandIndex1","mixamorig:Hips/mixamorig:Spine/mixamorig:Spine1/mixamorig:Spine2/mixamorig:RightShoulder/mixamorig:RightArm/mixamorig:RightForeArm/mixamorig:RightHand/mixamorig:RightHandIndex1/mixamorig:RightHandIndex2","mixamorig:Hips/mixamorig:Spine/mixamorig:Spine1/mixamorig:Spine2/mixamorig:RightShoulder/mixamorig:RightArm/mixamorig:RightForeArm/mixamorig:RightHand/mixamorig:RightHandIndex1/mixamorig:RightHandIndex2/mixamorig:RightHandIndex3","mixamorig:Hips/mixamorig:Spine/mixamorig:Spine1/mixamorig:Spine2/mixamorig:RightShoulder/mixamorig:RightArm/mixamorig:RightForeArm/mixamorig:RightHand/mixamorig:RightHandIndex1/mixamorig:RightHandIndex2/mixamorig:RightHandIndex3/mixamorig:RightHandIndex4","mixamorig:Hips/mixamorig:Spine/mixamorig:Spine1/mixamorig:Spine2/mixamorig:RightShoulder/mixamorig:RightArm/mixamorig:RightForeArm/mixamorig:RightHand/mixamorig:RightHandMiddle1","mixamorig:Hips/mixamorig:Spine/mixamorig:Spine1/mixamorig:Spine2/mixamorig:RightShoulder/mixamorig:RightArm/mixamorig:RightForeArm/mixamorig:RightHand/mixamorig:RightHandMiddle1/mixamorig:RightHandMiddle2","mixamorig:Hips/mixamorig:Spine/mixamorig:Spine1/mixamorig:Spine2/mixamorig:RightShoulder/mixamorig:RightArm/mixamorig:RightForeArm/mixamorig:RightHand/mixamorig:RightHandMiddle1/mixamorig:RightHandMiddle2/mixamorig:RightHandMiddle3","mixamorig:Hips/mixamorig:Spine/mixamorig:Spine1/mixamorig:Spine2/mixamorig:RightShoulder/mixamorig:RightArm/mixamorig:RightForeArm/mixamorig:RightHand/mixamorig:RightHandMiddle1/mixamorig:RightHandMiddle2/mixamorig:RightHandMiddle3/mixamorig:RightHandMiddle4","mixamorig:Hips/mixamorig:Spine/mixamorig:Spine1/mixamorig:Spine2/mixamorig:RightShoulder/mixamorig:RightArm/mixamorig:RightForeArm/mixamorig:RightHand/mixamorig:RightHandRing1","mixamorig:Hips/mixamorig:Spine/mixamorig:Spine1/mixamorig:Spine2/mixamorig:RightShoulder/mixamorig:RightArm/mixamorig:RightForeArm/mixamorig:RightHand/mixamorig:RightHandRing1/mixamorig:RightHandRing2","mixamorig:Hips/mixamorig:Spine/mixamorig:Spine1/mixamorig:Spine2/mixamorig:RightShoulder/mixamorig:RightArm/mixamorig:RightForeArm/mixamorig:RightHand/mixamorig:RightHandRing1/mixamorig:RightHandRing2/mixamorig:RightHandRing3","mixamorig:Hips/mixamorig:Spine/mixamorig:Spine1/mixamorig:Spine2/mixamorig:RightShoulder/mixamorig:RightArm/mixamorig:RightForeArm/mixamorig:RightHand/mixamorig:RightHandRing1/mixamorig:RightHandRing2/mixamorig:RightHandRing3/mixamorig:RightHandRing4","mixamorig:Hips/mixamorig:Spine/mixamorig:Spine1/mixamorig:Spine2/mixamorig:RightShoulder/mixamorig:RightArm/mixamorig:RightForeArm/mixamorig:RightHand/mixamorig:RightHandPinky1","mixamorig:Hips/mixamorig:Spine/mixamorig:Spine1/mixamorig:Spine2/mixamorig:RightShoulder/mixamorig:RightArm/mixamorig:RightForeArm/mixamorig:RightHand/mixamorig:RightHandPinky1/mixamorig:RightHandPinky2","mixamorig:Hips/mixamorig:Spine/mixamorig:Spine1/mixamorig:Spine2/mixamorig:RightShoulder/mixamorig:RightArm/mixamorig:RightForeArm/mixamorig:RightHand/mixamorig:RightHandPinky1/mixamorig:RightHandPinky2/mixamorig:RightHandPinky3","mixamorig:Hips/mixamorig:Spine/mixamorig:Spine1/mixamorig:Spine2/mixamorig:RightShoulder/mixamorig:RightArm/mixamorig:RightForeArm/mixamorig:RightHand/mixamorig:RightHandPinky1/mixamorig:RightHandPinky2/mixamorig:RightHandPinky3/mixamorig:RightHandPinky4","mixamorig:Hips/mixamorig:Spine/mixamorig:Spine1/mixamorig:Spine2/mixamorig:RightShoulder/mixamorig:RightArm/mixamorig:RightForeArm/mixamorig:RSleeve","mixamorig:Hips/mixamorig:Spine/mixamorig:Spine1/mixamorig:Spine2/mixamorig:Hood","mixamorig:Hips/mixamorig:Spine/mixamorig:Spine1/mixamorig:Spine2/mixamorig:Hood/mixamorig:Hood1","mixamorig:Hips/mixamorig:Spine/mixamorig:Spine1/mixamorig:Spine2/mixamorig:RHoodieString","mixamorig:Hips/mixamorig:Spine/mixamorig:Spine1/mixamorig:Spine2/mixamorig:RHoodieString/mixamorig:RHoodieString1","mixamorig:Hips/mixamorig:Spine/mixamorig:Spine1/mixamorig:Spine2/mixamorig:RHoodieString/mixamorig:RHoodieString1/mixamorig:RHoodieString2","mixamorig:Hips/mixamorig:Spine/mixamorig:Spine1/mixamorig:Spine2/mixamorig:LHoodieString","mixamorig:Hips/mixamorig:Spine/mixamorig:Spine1/mixamorig:Spine2/mixamorig:LHoodieString/mixamorig:LHoodieString1","mixamorig:Hips/mixamorig:Spine/mixamorig:Spine1/mixamorig:Spine2/mixamorig:LHoodieString/mixamorig:LHoodieString1/mixamorig:LHoodieString2","mixamorig:Hips/mixamorig:Spine/mixamorig:Spine1/mixamorig:RBackpack_Strap","mixamorig:Hips/mixamorig:Spine/mixamorig:Spine1/mixamorig:LBackpack_Strap","mixamorig:Hips/mixamorig:RightUpLeg","mixamorig:Hips/mixamorig:RightUpLeg/mixamorig:RightLeg","mixamorig:Hips/mixamorig:RightUpLeg/mixamorig:RightLeg/mixamorig:RightFoot","mixamorig:Hips/mixamorig:RightUpLeg/mixamorig:RightLeg/mixamorig:RightFoot/mixamorig:RightToeBase","mixamorig:Hips/mixamorig:RightUpLeg/mixamorig:RightLeg/mixamorig:RightFoot/mixamorig:RightToeBase/mixamorig:RightToe_End","mixamorig:Hips/mixamorig:RightUpLeg/mixamorig:RightLeg/mixamorig:RightFoot/mixamorig:RFootTongue","mixamorig:Hips/mixamorig:LeftUpLeg","mixamorig:Hips/mixamorig:LeftUpLeg/mixamorig:LeftLeg","mixamorig:Hips/mixamorig:LeftUpLeg/mixamorig:LeftLeg/mixamorig:LeftFoot","mixamorig:Hips/mixamorig:LeftUpLeg/mixamorig:LeftLeg/mixamorig:LeftFoot/mixamorig:LeftToeBase","mixamorig:Hips/mixamorig:LeftUpLeg/mixamorig:LeftLeg/mixamorig:LeftFoot/mixamorig:LeftToeBase/mixamorig:LeftToe_End","mixamorig:Hips/mixamorig:LeftUpLeg/mixamorig:LeftLeg/mixamorig:LeftFoot/mixamorig:LFootTongue"],[[[7,1,-0.0000016410348280260223,-1.2360266055111424e-7,0,0.0000016410348280260223,1,-2.0283628292608324e-13,0,1.2360266055111424e-7,-1.7670484276950664e-28,1,0,-0.000001369443793919345,-0.8323920369148254,-0.004142975900322199,1],[7,1,1.3183243385839205e-10,-2.0599280961541844e-11,0,-1.322303239126299e-10,0.9997860789299011,-0.020684562623500824,0,1.7867977930574597e-11,0.020684562623500824,0.9997860789299011,0,-2.8274040886344665e-9,-0.9097445011138916,0.0030133032705634832,1],[7,1,1.3287226874325597e-10,-1.2209925778772224e-11,0,-1.322303239126299e-10,0.9990893602371216,0.042666319757699966,0,1.7867977930574597e-11,-0.042666319757699966,0.9990893602371216,0,-2.8274040886344665e-9,-1.028134822845459,-0.062216050922870636,1],[7,1,1.322303239126299e-10,-1.7867977930574597e-11,0,-1.322303239126299e-10,1,-6.936531062487471e-18,0,1.7867977930574597e-11,6.938893903907228e-18,1,0,-2.8157407516715693e-9,-1.144883394241333,-0.01338027510792017,1],[7,1,1.322303239126299e-10,-1.7867977930574597e-11,0,-1.322303239126299e-10,1,-6.936531062487471e-18,0,1.7867977930574597e-11,6.938893903907228e-18,1,0,-2.794327880195624e-9,-1.3291902542114258,0.01785026304423809,1],[7,1,1.322303239126299e-10,-1.7867977930574597e-11,0,-1.322303239126299e-10,1,-6.936531062487471e-18,0,1.7867977930574597e-11,6.938893903907228e-18,1,0,-2.800826459647965e-9,-1.4197009801864624,0.007510047405958176,1],[7,1,1.322303239126299e-10,-1.7867977930574597e-11,0,-1.322303239126299e-10,1,-6.936531062487471e-18,0,1.7867977930574597e-11,6.938893903907228e-18,1,0,-3.5662710562434086e-9,-1.868666172027588,0.007510047405958176,1],[7,1,1.322303239126299e-10,-1.7867977930574597e-11,0,-1.322303239126299e-10,1,-6.936531062487471e-18,0,1.7867977930574597e-11,6.938893903907228e-18,1,0,-0.0020839767530560493,-1.6675617694854736,-0.24071301519870758,1],[7,1,1.322303239126299e-10,-1.7867977930574597e-11,0,-1.322303239126299e-10,1,-6.936531062487471e-18,0,1.7867977930574597e-11,6.938893903907228e-18,1,0,0.0708107277750969,-1.663983941078186,-0.2244562953710556,1],[7,1,1.322303239126299e-10,-1.7867977930574597e-11,0,-1.322303239126299e-10,1,-6.936531062487471e-18,0,1.7867977930574597e-11,6.938893903907228e-18,1,0,-0.16728800535202026,-1.5701841115951538,0.16190655529499054,1],[7,-0.002837816486135125,0.9999959468841553,0.00004631786941899918,0,-2.4499141604295005e-10,0.00004631805495591834,-1,0,-0.9999959468841553,-0.002837816486135125,-1.3119715447373892e-7,0,-0.043962977826595306,-0.06218428164720535,1.2796584367752075,1],[7,2.99381554214051e-7,1,1.6230370647463133e-7,0,-1.8932661725304283e-29,1.6230370647463133e-7,-1,0,-1,2.99381554214051e-7,4.85907361981279e-14,0,-0.04435981065034866,-0.13975974917411804,1.2796649932861328,1],[7,2.99381554214051e-7,1,1.6230370647463133e-7,0,-1.8932661725304283e-29,1.6230370647463133e-7,-1,0,-1,2.99381554214051e-7,4.85907361981279e-14,0,-0.04435981065034866,-0.3602534830570221,1.2796649932861328,1],[7,3.624314737216139e-10,1,1.7049487377462924e-9,0,-1.925929944387236e-34,1.7049487377462924e-9,-1,0,-1,3.624314737216139e-10,6.179270786342632e-19,0,-0.04435970261693001,-0.5903472304344177,1.2796649932861328,1],[7,0.509911835193634,0.774598240852356,-0.37414905428886414,0,0.02327260747551918,-0.44720518589019775,-0.8941285610198975,0,-0.8599117994308472,0.4472193121910095,-0.24606214463710785,0,-0.359407901763916,0.08442249149084091,1.356534481048584,1],[7,0.5099200010299683,0.7745885252952576,-0.37415799498558044,0,0.023267963901162148,-0.4472157955169678,-0.894123375415802,0,-0.8599070906639099,0.44722554087638855,-0.24606738984584808,0,-0.35940754413604736,0.04440386965870857,1.3565340042114258,1],[7,0.5099033117294312,0.7745996117591858,-0.3741578459739685,0,0.023277444764971733,-0.4472150206565857,-0.8941235542297363,0,-0.8599167466163635,0.44720709323883057,-0.2460671216249466,0,-0.3594074249267578,0.004909003619104624,1.3565340042114258,1],[7,0.5099033117294312,0.7745996117591858,-0.3741578459739685,0,0.023277444764971733,-0.4472150206565857,-0.8941235542297363,0,-0.8599167466163635,0.44720709323883057,-0.2460671216249466,0,-0.3594074249267578,-0.022147437557578087,1.3565340042114258,1],[7,3.624314737216139e-10,1,-0.000004643685770133743,0,-3.944304526105059e-31,-0.000004643685770133743,-1,0,-1,3.624314737216139e-10,-1.6830179378984444e-15,0,-0.007291986607015133,-0.7036855816841125,1.2706538438796997,1],[7,9.863377954388852e-7,1,-0.000013768190001428593,0,8.077935669463161e-27,-0.000013768190001428593,-1,0,-1,9.863377954388852e-7,-1.3580085840569911e-11,0,-0.007292713038623333,-0.7365050315856934,1.2706605195999146,1],[7,0.000004186733804090181,1,-0.000001946772499650251,0,-3.0679050966320176e-10,-0.000001946772499650251,-1,0,-1,0.000004186733804090181,2.9863991835021864e-10,0,-0.007295241579413414,-0.7697583436965942,1.2706514596939087,1],[7,0.000004186733804090181,1,-0.000001946772499650251,0,-3.0679050966320176e-10,-0.000001946772499650251,-1,0,-1,0.000004186733804090181,2.9863991835021864e-10,0,-0.007295241579413414,-0.7931017875671387,1.2706514596939087,1],[7,0.000005452468030853197,1,0.000013426124496618286,0,-2.401363830006886e-10,0.000013426124496618286,-1,0,-1,0.000005452468030853197,3.133418802203636e-10,0,-0.0443633534014225,-0.7037225365638733,1.2796554565429688,1],[7,0.000015512014215346426,1,-0.0000022994138362264493,0,-1.050757467147001e-10,-0.0000022994138362264493,-1,0,-1,0.000015512014215346426,6.940720914672127e-11,0,-0.04437077417969704,-0.7378070950508118,1.2796670198440552,1],[7,0.000018635217202245258,1,-0.0000033893254567374242,0,-1.1225729373842697e-10,-0.0000033893254567374242,-1,0,-1,0.000018635217202245258,4.9096480353449934e-11,0,-0.04437318444252014,-0.7709278464317322,1.279667854309082,1],[7,0.000018635217202245258,1,-0.0000033893254567374242,0,-1.1225729373842697e-10,-0.0000033893254567374242,-1,0,-1,0.000018635217202245258,4.9096480353449934e-11,0,-0.04437318444252014,-0.7984482645988464,1.279667854309082,1],[7,0.02180922031402588,0.9997612237930298,-0.0013731539947912097,0,-2.0290494284758154e-10,-0.001373480656184256,-0.9999990463256836,0,-0.9997621774673462,0.021809199824929237,-0.000029954338970128447,0,-0.0904247909784317,-0.7017551064491272,1.2805410623550415,1],[7,0.000013165396012482233,1,-0.0000023108573259378318,0,-1.8327254380778868e-8,-0.0000023108570985641563,-1,0,-1,0.000013165396012482233,1.829683071719046e-8,0,-0.07439995557069778,-0.7360242009162903,1.2795354127883911,1],[7,-0.000020627916455850936,1,-7.467072578037914e-7,0,-1.8249162181405154e-8,-7.467076557077235e-7,-1,0,-1,-0.000020627916455850936,1.8264564971559594e-8,0,-0.07437396794557571,-0.768987238407135,1.2795342206954956,1],[7,-0.000020627916455850936,1,-7.467072578037914e-7,0,-1.8249162181405154e-8,-7.467076557077235e-7,-1,0,-1,-0.000020627916455850936,1.8264564971559594e-8,0,-0.07437396794557571,-0.7917944192886353,1.2795342206954956,1],[7,0.000018331074898014776,1,0.000007979203473951202,0,-2.4011442834037666e-10,0.000007979203473951202,-1,0,-1,0.000018331074898014776,3.863818154314913e-10,0,-0.10167698562145233,-0.6955422759056091,1.2700556516647339,1],[7,0.0000033303363125014585,1,-0.000007991729034984019,0,-3.598083220257564e-10,-0.000007991729034984019,-1,0,-1,0.0000033303363125014585,3.3319319525659807e-10,0,-0.10166612267494202,-0.7241400480270386,1.2700672149658203,1],[7,0.0000033303363125014585,1,-0.000002578072553660604,0,-3.598083220257564e-10,-0.000002578072553660604,-1,0,-1,0.0000033303363125014585,3.51222467775969e-10,0,-0.10166612267494202,-0.752780556678772,1.2700631618499756,1],[7,0.0000033303363125014585,1,-0.000002578072553660604,0,-3.598083220257564e-10,-0.000002578072553660604,-1,0,-1,0.0000033303363125014585,3.51222467775969e-10,0,-0.10166612267494202,-0.7693760395050049,1.2700631618499756,1],[7,3.6242947532016956e-10,1,1.7049487377462924e-9,0,-3.851859888774472e-34,1.7049487377462924e-9,-1,0,-1,3.6242947532016956e-10,6.179236665142364e-19,0,-0.04435970261693001,-0.42520672082901,1.2796649932861328,1],[7,0.002837487729266286,-0.9999959468841553,-0.000046647386625409126,0,2.4500956818940267e-10,0.000046647575800307095,-1,0,0.9999959468841553,0.002837487729266286,1.3260692810490582e-7,0,0.04475615546107292,-0.061932943761348724,1.2796584367752075,1],[7,3.0049747579141695e-7,-1,-4.6663963360060734e-8,0,7.477805185806783e-30,4.6663963360060734e-8,-1,0,1,3.0049747579141695e-7,1.402240258993213e-14,0,0.04435981065034866,-0.1397596001625061,1.2796649932861328,1],[7,3.0049747579141695e-7,-1,-4.6663963360060734e-8,0,7.477805185806783e-30,4.6663963360060734e-8,-1,0,1,3.0049747579141695e-7,1.402240258993213e-14,0,0.04435981065034866,-0.36025333404541016,1.2796649932861328,1],[7,2.0996425931230078e-8,-1,1.7050095779680419e-9,0,-2.465190328815662e-32,-1.7050095779680419e-9,-1,0,1,2.0996425931230078e-8,-3.5799109670596607e-17,0,0.044359710067510605,-0.5903472304344177,1.2796649932861328,1],[7,0.5076435208320618,-0.7745981812477112,0.3772210478782654,0,-0.01787346974015236,-0.44720518589019775,-0.8942527770996094,0,0.8613818287849426,0.4472193717956543,-0.240865558385849,0,0.35121065378189087,0.0844225063920021,1.3586798906326294,1],[7,0.5076516270637512,-0.7745884656906128,0.37723004817962646,0,-0.01786886528134346,-0.44721582531929016,-0.8942475914955139,0,0.8613771200180054,0.44722554087638855,-0.24087084829807281,0,0.3512102961540222,0.044403884559869766,1.3586792945861816,1],[7,0.5076190233230591,-0.7746521234512329,0.3771432340145111,0,-0.0178872961550951,-0.44711464643478394,-0.8942977786064148,0,0.8613959550857544,0.4472165107727051,-0.24082034826278687,0,0.3512100577354431,0.00474990950897336,1.358680009841919,1],[7,0.5076190233230591,-0.7746521234512329,0.3771432340145111,0,-0.0178872961550951,-0.44711464643478394,-0.8942977786064148,0,0.8613959550857544,0.4472165107727051,-0.24082034826278687,0,0.3512100577354431,-0.02178453840315342,1.358680009841919,1],[7,2.0996425931230078e-8,-1,0.0000046504528654622845,0,8.835242138475332e-29,-0.0000046504528654622845,-1,0,1,2.0996425931230078e-8,-9.764288851207489e-14,0,0.007291990332305431,-0.7036855816841125,1.2706538438796997,1],[7,9.650876791056362e-7,-1,0.000013775503248325549,0,-3.2311742677852644e-27,-0.000013775503248325549,-1,0,1,9.650876791056362e-7,-1.3294568571020626e-11,0,0.007292686030268669,-0.7365050315856934,1.2706605195999146,1],[7,0.00001769499431247823,-1,-0.00012713272008113563,0,4.926207219924095e-10,0.00012713272008113563,-1,0,1,0.00001769499431247823,2.7422333293003476e-9,0,0.0073056272231042385,-0.7699221968650818,1.2705520391464233,1],[7,0.00001769499431247823,-1,-0.00012713272008113563,0,4.926207219924095e-10,0.00012713272008113563,-1,0,1,0.00001769499431247823,2.7422333293003476e-9,0,0.0073056272231042385,-0.7935577630996704,1.2705520391464233,1],[7,0.000005551348749577301,-1,-0.000013419306924333796,0,2.401638332649725e-10,0.000013419306924333796,-1,0,1,0.000005551348749577301,3.146590765723545e-10,0,0.04436340928077698,-0.7037224173545837,1.2796554565429688,1],[7,0.00001589466046425514,-1,0.0000023061854790284997,0,1.0136364664292685e-10,-0.0000023061854790284997,-1,0,1,0.00001589466046425514,6.470761426680127e-11,0,0.044371042400598526,-0.7378070950508118,1.2796670198440552,1],[7,7.349592578975717e-7,-1,-0.000126196799101308,0,3.9842221205044066e-26,0.000126196799101308,-1,0,1,7.349592578975717e-7,9.27495025226932e-11,0,0.04435935243964195,-0.7710944414138794,1.2795679569244385,1],[7,7.349592578975717e-7,-1,-0.000126196799101308,0,3.9842221205044066e-26,0.000126196799101308,-1,0,1,7.349592578975717e-7,9.27495025226932e-11,0,0.04435935243964195,-0.7980096936225891,1.2795679569244385,1],[7,0.000005737082119594561,-1,-0.000017488200683146715,0,2.4016413857630425e-10,0.000017488200683146715,-1,0,1,0.000005737082119594561,3.4049538188973827e-10,0,0.07439415156841278,-0.7055168151855469,1.279520869255066,1],[7,0.000024825725631671958,-1,2.7849753614361816e-9,0,-9.366209197114728e-11,-2.784977581882231e-9,-1,0,1,0.000024825725631671958,-9.373123111000581e-11,0,0.07440819591283798,-0.7360262870788574,1.2795337438583374,1],[7,0.0000022087886009103386,-1,-0.0001279826246900484,0,-9.372502773885572e-11,0.0001279826246900484,-1,0,1,0.0000022087886009103386,1.8896155473679954e-10,0,0.07439080625772476,-0.7691502571105957,1.2794352769851685,1],[7,0.0000022087886009103386,-1,-0.0001279826246900484,0,-9.372502773885572e-11,0.0001279826246900484,-1,0,1,0.0000022087886009103386,1.8896155473679954e-10,0,0.07439080625772476,-0.7926820516586304,1.2794352769851685,1],[7,0.000018371010810369626,-1,-0.000010661512533260975,0,2.40185676902982e-10,0.000010661512533260975,-1,0,1,0.000018371010810369626,4.3604844734979054e-10,0,0.10167699307203293,-0.6955456733703613,1.270053744316101,1],[7,0.0000033723538308549905,-1,0.000007996281055966392,0,4.0009409674190977e-10,-0.000007996281055966392,-1,0,1,0.0000033723538308549905,3.731278064300625e-10,0,0.10166613012552261,-0.7241400480270386,1.2700672149658203,1],[7,0.000002481791398167843,-1,-0.00012706138659268618,0,3.929729319729347e-10,0.00012706138659268618,-1,0,1,0.000002481791398167843,7.083127973039893e-10,0,0.10166545957326889,-0.7529452443122864,1.2699655294418335,1],[7,0.000002481791398167843,-1,-0.00012706138659268618,0,3.929729319729347e-10,0.00012706138659268618,-1,0,1,0.000002481791398167843,7.083127973039893e-10,0,0.10166545957326889,-0.7690664529800415,1.2699655294418335,1],[7,6.244268746513626e-8,-1,1.705008911834227e-9,0,-1.232595164407831e-32,-1.705008911834227e-9,-1,0,1,6.244268746513626e-8,-1.0646534461562632e-16,0,0.0443597286939621,-0.42520672082901,1.2796649932861328,1],[7,-1,-7.738611418339758e-10,0.00000379213088308461,0,-0.0000031761985610501142,-0.5461496114730835,-0.8376876711845398,0,0.000002071718881779816,-0.8376876711845398,0.5461496114730835,0,0.000004423373411555076,0.6515328884124756,1.1658169031143188,1],[7,-1,-7.738611418339758e-10,0.00000379213088308461,0,-0.0000031761985610501142,-0.5461496114730835,-0.8376876711845398,0,0.000002071718881779816,-0.8376876711845398,0.5461496114730835,0,0.000004423373411555076,0.5597811937332153,1.1658169031143188,1],[7,0.9991811513900757,-0.03499852493405342,-0.020300578325986862,0,-0.04045998305082321,-0.8643074631690979,-0.5013337731361389,0,1.7853352476948636e-11,0.5017446279525757,-0.8650158047676086,0,0.10541804134845734,1.107203722000122,0.693412721157074,1],[7,1,-1.9670016726536232e-9,-5.274187753201431e-10,0,-2.036401047789127e-9,-0.963510274887085,-0.2676713466644287,0,1.8336561435905452e-11,0.2676713466644287,-0.963510274887085,0,0.05508165806531906,1.1780383586883545,0.41157054901123047,1],[7,1,-1.9670016726536232e-9,-5.274187753201431e-10,0,-2.036401047789127e-9,-0.963510274887085,-0.2676713466644287,0,1.8336561435905452e-11,0.2676713466644287,-0.963510274887085,0,0.05508165806531906,1.0779480934143066,0.41157054901123047,1],[7,0.9991811513900757,0.034998584538698196,0.020300613716244698,0,0.04046005383133888,-0.8643074631690979,-0.5013337731361389,0,1.7853354211672112e-11,0.5017446279525757,-0.8650158047676086,0,-0.1054181456565857,1.107203722000122,0.693412721157074,1],[7,1,-1.9670016726536232e-9,-5.274050085546378e-10,0,-2.036397495075448e-9,-0.963510274887085,-0.2676713466644287,0,1.8349891051094858e-11,0.2676713466644287,-0.963510274887085,0,-0.05508166924118996,1.1780383586883545,0.41157054901123047,1],[7,1,-1.9670016726536232e-9,-5.274050085546378e-10,0,-2.036397495075448e-9,-0.963510274887085,-0.2676713466644287,0,1.8349891051094858e-11,0.2676713466644287,-0.963510274887085,0,-0.05508166924118996,1.0779480934143066,0.41157054901123047,1],[7,1,1.322303239126299e-10,-1.7867977930574597e-11,0,-1.322303239126299e-10,1,-6.936531062487471e-18,0,1.7867977930574597e-11,6.938893903907228e-18,1,0,0.15222999453544617,-0.9526551961898804,0.04781629890203476,1],[7,1,1.322303239126299e-10,-1.7867977930574597e-11,0,-1.322303239126299e-10,1,-6.936531062487471e-18,0,1.7867977930574597e-11,6.938893903907228e-18,1,0,-0.15223173797130585,-0.9526551961898804,0.04781629890203476,1],[7,-0.9999997615814209,-0.0007109158323146403,0.000011033447663066909,0,0.000711001455783844,-0.9998766183853149,0.01569199748337269,0,-1.236026321294048e-7,0.015692001208662987,0.999876856803894,0,-0.08535465598106384,0.7842742800712585,-0.012660844251513481,1],[7,-0.9999997615814209,0.0007064975798130035,0.00005802214582217857,0,-0.0007088761194609106,-0.996630072593689,-0.08202464878559113,0,-1.2360246159914823e-7,-0.08202467113733292,0.9966303110122681,0,-0.08470303565263748,0.4578857123851776,0.03220542147755623,1],[7,-0.9983538389205933,-0.054523590952157974,-0.01779884286224842,0,0.02867632545530796,-0.7432659864425659,0.6683810949325562,0,-0.04967181384563446,0.6667704582214355,0.7436059713363647,0,-0.08951400965452194,0.10796267539262772,-0.0739748552441597,1],[7,-0.9966731667518616,-0.08150169998407364,-0.0003449841751717031,0,-0.000001635594912841043,-0.004212806932628155,0.9999911189079285,0,-0.08150243014097214,0.99666428565979,0.004198658280074596,0,-0.08626063913106918,-0.10459814965724945,-0.00043936073780059814,1],[7,-0.9966731667518616,-0.08150169998407364,-0.0003449841751717031,0,-0.000001635594912841043,-0.004212806932628155,0.9999911189079285,0,-0.08150243014097214,0.99666428565979,0.004198658280074596,0,-0.0862606018781662,-0.18034759163856506,-0.0004393605631776154,1],[7,1,7.632783294297951e-17,-9.540979117872439e-17,0,-7.632783294297951e-17,1,7.282422602214236e-33,0,9.540979117872439e-17,0,1,0,0.0962190181016922,-0.12165741622447968,-0.045227114111185074,1],[7,-0.9999997019767761,0.0007401331095024943,-0.000011734696272469591,0,-0.0007402261253446341,-0.9998766779899597,0.01568588986992836,0,-1.236026321294048e-7,0.015685895457863808,0.9998769760131836,0,0.08537758141756058,0.7842718362808228,-0.012655994854867458,1],[7,-0.9999997019767761,-0.0007355348789133132,-0.00006065635898266919,0,0.0007380316965281963,-0.9966304302215576,-0.08201972395181656,0,-1.236028026596614e-7,-0.08201974630355835,0.9966307282447815,0,0.08469917625188828,0.457888126373291,0.03220536187291145,1],[7,-0.998353898525238,0.054523590952157974,0.017795734107494354,0,-0.02867840602993965,-0.7432659864425659,0.6683810353279114,0,0.04966949671506882,0.6667704582214355,0.7436061501502991,0,0.08951425552368164,0.10796279460191727,-0.07397418469190598,1],[7,-0.9966734647750854,0.08149810135364532,0.0003411344368942082,0,-0.0000016298997707053786,-0.00420569209381938,0.9999911785125732,0,0.08149881660938263,0.9966646432876587,0.004191834479570389,0,0.08626104891300201,-0.10459747165441513,-0.0004381608741823584,1],[7,-0.9966734647750854,0.08149810135364532,0.0003411344368942082,0,-0.0000016298997707053786,-0.00420569209381938,0.9999911785125732,0,0.08149881660938263,0.9966646432876587,0.004191834479570389,0,0.08626100420951843,-0.18034698069095612,-0.0004381609905976802,1],[7,1,-1.2663481374630692e-16,1.5439038936193583e-16,0,1.2663481374630692e-16,1,-2.220446049250313e-16,0,-1.5439038936193583e-16,2.220446049250313e-16,1,0,-0.09622079879045486,-0.12165726721286774,-0.04522673785686493,1]],8,8,8,8,8,8,8,8,8,8,8,8,8,8,8,8,8,8,8,8,8,8,8,8,8,8,8,8,8,8,8,8,8,8,8,8,8,8,8,8,8,8,8,8,8,8,8,8,8,8,8,8,8,8,8,8,8,8,8,8,8,8,8,8,8,8,8,8,8,8,8,8,8,8,8,8,8,8,8,8,8,8]]],0,0,[],[],[]],[[[7,"Skin-2",1770183202,["mixamorig:Hips/mixamorig:Spine/mixamorig:Spine1/mixamorig:Spine2/mixamorig:Neck","mixamorig:Hips/mixamorig:Spine/mixamorig:Spine1/mixamorig:Spine2/mixamorig:Neck/mixamorig:Head","mixamorig:Hips/mixamorig:Spine/mixamorig:Spine1/mixamorig:Spine2/mixamorig:Neck/mixamorig:Head/mixamorig:HeadTop_End","mixamorig:Hips/mixamorig:Spine/mixamorig:Spine1/mixamorig:Spine2/mixamorig:Neck/mixamorig:Head/mixamorig:HairB","mixamorig:Hips/mixamorig:Spine/mixamorig:Spine1/mixamorig:Spine2/mixamorig:Neck/mixamorig:Head/mixamorig:HairA"],[[[7,1,1.322303239126299e-10,-1.7867977930574597e-11,0,-1.322303239126299e-10,1,-6.936531062487471e-18,0,1.7867977930574597e-11,6.938893903907228e-18,1,0,-2.794327880195624e-9,-1.3291902542114258,0.01785026304423809,1],[7,1,1.322303239126299e-10,-1.7867977930574597e-11,0,-1.322303239126299e-10,1,-6.936531062487471e-18,0,1.7867977930574597e-11,6.938893903907228e-18,1,0,-2.800826459647965e-9,-1.4197009801864624,0.007510047405958176,1],[7,1,1.322303239126299e-10,-1.7867977930574597e-11,0,-1.322303239126299e-10,1,-6.936531062487471e-18,0,1.7867977930574597e-11,6.938893903907228e-18,1,0,-3.5662710562434086e-9,-1.868666172027588,0.007510047405958176,1],[7,1,1.322303239126299e-10,-1.7867977930574597e-11,0,-1.322303239126299e-10,1,-6.936531062487471e-18,0,1.7867977930574597e-11,6.938893903907228e-18,1,0,-0.0020839767530560493,-1.6675617694854736,-0.24071301519870758,1],[7,1,1.322303239126299e-10,-1.7867977930574597e-11,0,-1.322303239126299e-10,1,-6.936531062487471e-18,0,1.7867977930574597e-11,6.938893903907228e-18,1,0,0.0708107277750969,-1.663983941078186,-0.2244562953710556,1]],8,8,8,8,8]]],0,0,[],[],[]],[[[7,"Skin-3",1770183202,["mixamorig:Hips/mixamorig:Spine/mixamorig:Spine1/mixamorig:Spine2/mixamorig:Neck","mixamorig:Hips/mixamorig:Spine/mixamorig:Spine1/mixamorig:Spine2/mixamorig:Neck/mixamorig:Head","mixamorig:Hips/mixamorig:Spine/mixamorig:Spine1/mixamorig:Spine2/mixamorig:Neck/mixamorig:Head/mixamorig:HeadTop_End","mixamorig:Hips/mixamorig:Spine/mixamorig:Spine1/mixamorig:Spine2/mixamorig:Neck/mixamorig:Head/mixamorig:HairB","mixamorig:Hips/mixamorig:Spine/mixamorig:Spine1/mixamorig:Spine2/mixamorig:Neck/mixamorig:Head/mixamorig:HairA"],[[[7,1,1.322303239126299e-10,-1.7867977930574597e-11,0,-1.322303239126299e-10,1,-6.936531062487471e-18,0,1.7867977930574597e-11,6.938893903907228e-18,1,0,-2.794327880195624e-9,-1.3291902542114258,0.01785026304423809,1],[7,1,1.322303239126299e-10,-1.7867977930574597e-11,0,-1.322303239126299e-10,1,-6.936531062487471e-18,0,1.7867977930574597e-11,6.938893903907228e-18,1,0,-2.800826459647965e-9,-1.4197009801864624,0.007510047405958176,1],[7,1,1.322303239126299e-10,-1.7867977930574597e-11,0,-1.322303239126299e-10,1,-6.936531062487471e-18,0,1.7867977930574597e-11,6.938893903907228e-18,1,0,-3.5662710562434086e-9,-1.868666172027588,0.007510047405958176,1],[7,1,1.322303239126299e-10,-1.7867977930574597e-11,0,-1.322303239126299e-10,1,-6.936531062487471e-18,0,1.7867977930574597e-11,6.938893903907228e-18,1,0,-0.0020839767530560493,-1.6675617694854736,-0.24071301519870758,1],[7,1,1.322303239126299e-10,-1.7867977930574597e-11,0,-1.322303239126299e-10,1,-6.936531062487471e-18,0,1.7867977930574597e-11,6.938893903907228e-18,1,0,0.0708107277750969,-1.663983941078186,-0.2244562953710556,1]],8,8,8,8,8]]],0,0,[],[],[]],[[[6,".bin",948588002,[{"primitives":[{"primitiveMode":7,"jointMapIndex":0,"vertexBundelIndices":[0],"indexView":{"offset":8536,"length":912,"count":456,"stride":2}}],"vertexBundles":[{"view":{"offset":0,"length":8536,"count":97,"stride":88},"attributes":[{"name":"a_position","format":32,"isNormalized":false},{"name":"a_normal","format":32,"isNormalized":false},{"name":"a_texCoord","format":21,"isNormalized":false},{"name":"a_tangent","format":44,"isNormalized":false},{"name":"a_joints","format":42,"isNormalized":false},{"name":"a_weights","format":44,"isNormalized":false},{"name":"a_texCoord1","format":21,"isNormalized":false},{"name":"a_texCoord2","format":21,"isNormalized":false}]}],"jointMaps":[[0,1]]},"minPosition",8,[1,-0.1444411724805832,1.513361930847168,0.14356106519699097],"maxPosition",8,[1,0.1444411724805832,1.6555465459823608,0.24044682085514069]]],-1],0,0,[],[],[]],[[[12,"Boy01_Eyes_MAT2",[{"occlusion":0}],[{"rasterizerState":{},"blendState":{"targets":[{}]},"depthStencilState":{}}],[{"HAS_SECOND_UV":true}]]],0,0,[0],[4],[0]],[[[16],[17,"Aj@Warrior_Idle",[[-3,-4,-5,-6,-7,[4,"bottom",-9,[0,"00RkhCq7xVI69svD28UoWc",null,null,null,-8,0],[1,0,-10.000999450683594,0]