[
    1,
    0,
    0,
    [
        [
            "cc.Skeleton",
            [
                "_name",
                "_hash",
                "_joints",
                "_bindposes"
            ],
            0,
            12
        ]
    ],
    [
        [
            0,
            0,
            1,
            2,
            3,
            4
        ]
    ],
    [
        [
            0,
            "Skin-1",
            2395719917,
            [
                "mixamorig:Hips/mixamorig:Spine/mixamorig:Spine1/mixamorig:Spine2",
                "mixamorig:Hips/mixamorig:Spine/mixamorig:Spine1/mixamorig:Spine2/mixamorig:Neck",
                "mixamorig:Hips/mixamorig:Spine/mixamorig:Spine1/mixamorig:Spine2/mixamorig:Neck/mixamorig:Head",
                "mixamorig:Hips/mixamorig:Spine/mixamorig:Spine1/mixamorig:Spine2/mixamorig:Neck/mixamorig:Head/mixamorig:HairB",
                "mixamorig:Hips/mixamorig:Spine/mixamorig:Spine1/mixamorig:Spine2/mixamorig:Neck/mixamorig:Head/mixamorig:HairA",
                "mixamorig:Hips/mixamorig:Spine/mixamorig:Spine1/mixamorig:Spine2/mixamorig:RHoodieString",
                "mixamorig:Hips/mixamorig:Spine/mixamorig:Spine1/mixamorig:Spine2/mixamorig:LHoodieString",
                "mixamorig:Hips/mixamorig:Spine/mixamorig:Spine1/mixamorig:Spine2/mixamorig:LHoodieString/mixamorig:LHoodieString1"
            ],
            [
                [
                    [
                        7,
                        1,
                        1.322303239126299e-10,
                        -1.7867977930574597e-11,
                        0,
                        -1.322303239126299e-10,
                        1,
                        -6.936531062487471e-18,
                        0,
                        1.7867977930574597e-11,
                        6.938893903907228e-18,
                        1,
                        0,
                        -2.8157407516715693e-9,
                        -1.144883394241333,
                        -0.01338027510792017,
                        1
                    ],
                    [
                        7,
                        1,
                        1.322303239126299e-10,
                        -1.7867977930574597e-11,
                        0,
                        -1.322303239126299e-10,
                        1,
                        -6.936531062487471e-18,
                        0,
                        1.7867977930574597e-11,
                        6.938893903907228e-18,
                        1,
                        0,
                        -2.794327880195624e-9,
                        -1.3291902542114258,
                        0.01785026304423809,
                        1
                    ],
                    [
                        7,
                        1,
                        1.322303239126299e-10,
                        -1.7867977930574597e-11,
                        0,
                        -1.322303239126299e-10,
                        1,
                        -6.936531062487471e-18,
                        0,
                        1.7867977930574597e-11,
                        6.938893903907228e-18,
                        1,
                        0,
                        -2.800826459647965e-9,
                        -1.4197009801864624,
                        0.007510047405958176,
                        1
                    ],
                    [
                        7,
                        1,
                        1.322303239126299e-10,
                        -1.7867977930574597e-11,
                        0,
                        -1.322303239126299e-10,
                        1,
                        -6.936531062487471e-18,
                        0,
                        1.7867977930574597e-11,
                        6.938893903907228e-18,
                        1,
                        0,
                        -0.0020839767530560493,
                        -1.6675617694854736,
                        -0.24071301519870758,
                        1
                    ],
                    [
                        7,
                        1,
                        1.322303239126299e-10,
                        -1.7867977930574597e-11,
                        0,
                        -1.322303239126299e-10,
                        1,
                        -6.936531062487471e-18,
                        0,
                        1.7867977930574597e-11,
                        6.938893903907228e-18,
                        1,
                        0,
                        0.0708107277750969,
                        -1.663983941078186,
                        -0.2244562953710556,
                        1
                    ],
                    [
                        7,
                        0.9991811513900757,
                        -0.03499852493405342,
                        -0.020300578325986862,
                        0,
                        -0.04045998305082321,
                        -0.8643074631690979,
                        -0.5013337731361389,
                        0,
                        1.7853352476948636e-11,
                        0.5017446279525757,
                        -0.8650158047676086,
                        0,
                        0.10541804134845734,
                        1.107203722000122,
                        0.693412721157074,
                        1
                    ],
                    [
                        7,
                        0.9991811513900757,
                        0.034998584538698196,
                        0.020300613716244698,
                        0,
                        0.04046005383133888,
                        -0.8643074631690979,
                        -0.5013337731361389,
                        0,
                        1.7853354211672112e-11,
                        0.5017446279525757,
                        -0.8650158047676086,
                        0,
                        -0.1054181456565857,
                        1.107203722000122,
                        0.693412721157074,
                        1
                    ],
                    [
                        7,
                        1,
                        -1.9670016726536232e-9,
                        -5.274050085546378e-10,
                        0,
                        -2.036397495075448e-9,
                        -0.963510274887085,
                        -0.2676713466644287,
                        0,
                        1.8349891051094858e-11,
                        0.2676713466644287,
                        -0.963510274887085,
                        0,
                        -0.05508166924118996,
                        1.1780383586883545,
                        0.41157054901123047,
                        1
                    ]
                ],
                8,
                8,
                8,
                8,
                8,
                8,
                8,
                8
            ]
        ]
    ],
    0,
    0,
    [],
    [],
    []
]
